11578
11441
11551
11445
11541
11465
11522
11479
11491
11353
11397
11363
11387
11368
11375
11368
11378
11376
11376
11377
11367
11399
11362
11384
11353
11407
11343
11408
11330
11412
11340
11421
11321
11415
11317
11433
11322
11436
11309
11429
11319
11421
11332
11417
11340
11416
11338
11405
11348
11389
11342
11401
11362
11396
11359
11386
11366
11384
11370
11375
11383
11356
11376
11366
11379
11367
11384
11357
11393
11341
11411
11348
11409
11330
11416
11317
11435
11318
11435
11307
11426
11304
11421
11327
11426
11326
11412
11308
11290
11203
11277
11229
11284
11211
11280
11220
11286
11228
11275
11232
11271
11225
11267
11239
11264
11242
11272
11243
11255
11246
11254
11259
11248
11251
11249
11253
11255
11254
11242
11252
11242
11261
11223
11261
11234
11265
11234
11266
11216
11263
11242
11283
11219
11282
11214
11284
11216
11288
11211
11293
11206
11299
11210
11284
11197
11303
11216
11309
11197
11305
11194
11311
11199
11313
11201
11307
11204
11305
11205
11298
11208
11300
11210
11304
11210
11292
11213
11290
11217
11284
11218
11283
11224
11276
11228
11265
11229
11282
11222
11269
11231
11271
11228
11263
11236
11273
11244
11270
11251
11261
11246
11246
11251
11261
11258
11235
11270
11243
11266
11238
11257
11246
11262
11232
11263
11236
11274
11230
11272
11221
11281
11228
11285
11215
11278
11217
11285
11216
11289
11209
11294
11206
11291
11191
11301
11207
11305
11191
11306
11201
11315
11192
11310
11195
11313
11198
11295
11206
11300
11192
11286
11204
11299
11221
11288
11216
11287
11230
11292
11216
11276
11231
11279
11219
11279
11237
11266
11235
11276
11245
11277
11235
11253
11233
11256
11241
11261
11247
11246
11254
11257
11248
11257
11253
11246
11257
11240
11273
11240
11269
11230
11268
11246
11272
11231
11266
11224
11278
11225
11274
11212
11281
11228
11284
11219
11285
11225
11281
11206
11289
11205
11294
11197
11296
11210
11304
11184
11293
11199
11307
11193
11310
11189
11305
11197
11312
11190
11295
11195
11294
11206
11284
11211
11291
11202
11289
11225
11282
11221
11281
11216
11289
11222
11277
11229
11276
11226
11263
11232
11276
11236
11275
11236
11260
11244
11260
11251
11255
11243
11249
11248
11258
11256
11247
11265
11240
11263
11243
11261
11240
11272
11226
11265
11229
11270
11218
11275
11228
11279
11228
11278
11223
11279
11222
11291
11220
11287
11208
11293
11213
11292
11215
11298
11202
11302
11199
11300
11192
11318
11193
11306
11188
11309
11197
11307
11201
11301
11203
11296
11197
11305
11209
11288
11209
11290
11213
11286
11207
11288
11224
11290
11224
11282
11228
11266
11232
11282
11236
11273
11237
11271
11232
11274
11244
11251
11242
11254
11244
11264
11258
11253
11246
11250
11252
11246
11272
11237
11271
11236
11272
11240
11264
11231
11279
11239
11278
11235
11282
11219
11276
11211
11273
11214
11288
11219
11300
11210
11280
11208
11298
11215
11291
11201
11296
11200
11307
11202
11301
11192
11314
11195
11307
11196
11294
11202
11305
11202
11305
11207
11291
11207
11292
11206
11291
11211
11278
11218
11278
11228
11274
11214
11273
11226
11284
11228
11272
11238
11267
11236
11272
11244
11259
11248
11244
11238
11266
11250
11250
11249
11247
11253
11257
11260
11250
11259
11247
11260
11235
11259
11234
11266
11220
11259
11236
11270
11233
11286
11230
11281
11233
11280
11217