11004
10897
10902
10893
10895
10902
10898
10895
10903
10813
10785
10796
10789
10784
10792
10782
10783
10787
10783
10793
10784
10792
10793
10789
10784
10777
10804
10787
10784
10778
10787
10785
10793
10792
10780
10775
10786
10790
10790
10789
10785
10782
10794
10784
10782
10783
10803
10788
10781
10789
10782
10784
10780
10774
10795
10793
10793
10786
10784
10787
10792
10784
10783
10790
10784
10777
10791
10784
10785
10792
10787
10785
10786
10782
10792
10797
10783
10784
10780
10779
10792
10795
10784
10780
10788
10772
10778
10786
10789
10795
10785
10774
10742
10677
10666
10670
10685
10677
10666
10673
10670
10684
10678
10679
10679
10675
10671
10671
10671
10680
10679
10682
10683
10675
10673
10675
10679
10684
10675
10665
10682
10669
10676
10679
10672
10667
10671
10681
10666
10670
10674
10671
10676
10678
10669
10664
10668
10689
10681
10673
10674
10675
10678
10678
10675
10671
10671
10680
10679
10681
10668
10670
10674
10675
10687
10682
10674
10679
10676
10677
10680
10681
10680
10678
10685
10673
10682
10677
10668
10685
10678
10680
10685
10675
10676
10678
10676
10680
10671
10677
10672
10682
10671
10683
10672
10677
10678
10679
10664
10679
10679
10677
10669
10677
10675
10686
10676
10690
10678
10677
10677
10670
10678
10681
10683
10679
10667
10691
10673
10680
10669
10673
10690
10669
10674
10676
10674
10677
10680
10674
10671
10679
10672
10679
10682
10670
10676
10673
10667
10682
10676
10676
10675
10672
10667
10666
10676
10683
10677
10665
10685
10684
10675
10677
10675
10679
10681
10678
10677
10672
10682
10673
10670
10662
10675
10679
10692
10672
10674
10681
10684
10678
10685
10670
10672
10681
10677
10680
10677
10678
10670
10678
10682
10691
10683
10673
10663
10677
10667
10670
10682
10674
10669
10676
10684
10679
10668
10686
10674
10674
10680
10671
10685
10672
10684
10667
10676
10686
10678
10678
10670
10668
10677
10676
10677
10666
10670
10676
10684
10671
10679
10676
10689
10665
10671
10674
10674
10677
10667
10676
10677
10681
10676
10661
10674
10674
10677
10675
10675
10672
10676
10678
10678
10667
10676
10666
10668
10676
10669
10678
10670
10668
10679
10673
10688
10668
10677
10673
10679
10679
10678
10676
10681
10676
10675
10671
10674
10680
10681
10676
10688
10667
10681
10672
10680
10677
10676
10672
10669
10675
10684
10678
10680
10680
10673
10676
10681
10670
10679
10680
10678
10674
10670
10672
10675
10674
10674
10676
10672
10684
10675
10678
10670
10679
10675
10682
10677
10676
10674
10675
10681
10674
10688
10673
10680
10680
10672
10668
10674
10683
10675
10672
10673
10674
10677
10677
10672
10677
10686
10673
10667
10673
10683
10673
10675
10674
10677
10675
10672
10666
10680
10677
10685
10679
10674
10679
10669
10675
10681
10680
10679
10678
10680
10671
10672
10683
10675
10670
10675
10677
10671
10681
10684
10683
10666
10680
10676
10677
10680
10688
10678
10677
10676
10680
10681
10676
10680
10677
10687
10679
10683
10682
10670
10676
10666
10668
10671
10671
10678
10688
10674
10670
10662
10677
10683
10685
10670
10672
10669
10677
10675
10681
10676
10671
10675
10682
10670
10676
10676
10670
10672
10680
10681
10676
10683
10671
10674
10674
10673
10677
10675
10668
10672
10675
10680
10671
10670
10670
10668
10678
10683
10683
10675
10683
10673
10680
10682
10683
10674
10683
10662
10672
10684
10679
10681
10670
10671
10670
10680
10683
10683
10678
10675
10684
10669
10675
10669
10671
10673
10668
10658
10679
10672
10682
10680
10681
10681
10687
10684
10670
9993